0.5
-246.70135498
-238.281799316
-229.5
-218.5
-197.5
-161.5
-130.5
-96.5
-45.5
-5.5
33.5
76.5
104.5
136.5
154.5
167.5
174.5
179.5
180.5
176.5
169.5
154.5
143.5
126.308288574
114.526733398
106.5
92.5
78.8228607178
64.6935882568
52.5
45.5
37.5
30.5
22.5
16.5
11.5
4.5
-1.5
-7.5
-12.5
-16.5
-21.8576049805
-26.2608642578
-33.5
-36.5
-38.5
-39.5
-40.5
-40.5
-40.5
-40.5
-38.5
-38.5
-36.5
-34.5
-32.5
-31.5
-29.5
-27.5
-25.5
-24.5
-23.5
-22.5
-20.5
-18.5
-18.5
-20.5
-22.5
-24.5
-25.5
-26.5
-26.5
-25.5
-24.5
-21.5
-19.5
-17.5
-14.5
-12.5
-10.5
-8.5
-6.5
-5.5
-6.5
-8.5
-11.5
-13.5
-14.5
-14.5
-16.5
-17.5
-18.5
-18.5
-18.5
-19.5
-18.5
-18.5
-19.5
-19.5
-18.5
-18.5
-17.5
-18.5
-18.5
-17.5
-17.5
-16.5
-16.5
-17.5
-17.5
-16.5
-16.5
-16.5
-15.5
-16.5
-16.5
-16.5
-15.5
-15.5
-15.5
-15.5
-14.5
-13.5
-13.5
-13.5
-13.5
-12.5
-12.5
-12.5
-11.5
-10.5
-10.5
-8.5
-7.5
-5.16299438477
-6.5
-5.5
-4.5
-3.5
-2.5
-1.5
-0.5
0.5
2.91818237305
1.94784545898
-1.5
-2.5
-1.5
-0.5
1.91934204102
1.98342895508
0.5
1.5
2.5
3.5
4.5
6.5
7.5
8.5
11.5
14.1691589355
15.1946716309
14.5
16.1278991699
17.1535339355
18.1480102539
18.1480102539
17.5
16.5
16.5
17.5
19.0966491699
20.1239318848
20.1239318848
17.5
17.5
16.5
17.5
17.5
16.5
16.5
15.5
15.5
15.5
14.5
14.5
13.5
13.5
11.5
11.5
11.5
10.5
10.5
9.5
9.5
9.5
9.5
8.5
8.5
8.5
7.5
7.5
7.5
6.5
6.5
6.5
6.5
6.5
5.5
5.5
5.5
5.5
5.5
5.5
7.5
7.5
8.5
9.5
9.5
9.5
9.5
9.5
9.5
9.5
9.5
7.5
7.5
7.5
5.5
5.5
5.5
5.5
6.5
6.5
8.5
8.5
8.5
8.5
8.5
8.5
8.5
9.5
9.5
8.5
8.5
8.5
9.5
8.5
8.5
8.5
7.5
7.5
8.5
7.5
7.5
7.5
7.5
7.5
7.5
7.5
7.5
7.5
7.5
7.5
7.5
8.5
7.06198120117
7.06198120117
7.37805175781
8.05285644531
10.5
9.32925415039
11.5
11.5
11.5
11.5
11.5
8.28048706055
10.764465332
12.5
11.5012207031
11.5
14.5
16.5
18.5
21.5
23.5
25.5
27.5
28.5
28.5
29.3814697266
27.159576416
25.0862121582
20.5
19.5
17.5
16.5
15.5
14.5
13.5
10.5
8.5
5.5
2.5
0.5
-1.5
-2.5
-3.5
-3.5
-4.5
-4.5
-4.5
-4.5
-7.32723999023
-7.32723999023
-7.12432861328
-2.5
-1.5
-2.5
-2.5
-3.5
-5.9797668457
-5.99670410156
-5.25811767578
-7.5
-5.5
-2.5
0.5
1.5
1.5
1.5
2.5
1.5
1.5
-1.5
-4.5
-3.5
-7.85760498047
-13.5
-16.5
-18.5
-19.5
-19.5
-21.5
-21.5
-22.5
-22.5
-22.5
-22.5
-22.5
-22.5
-22.5
-22.5
-21.5
-21.5
-20.5
-19.5
-18.5
-18.5
-18.5
-18.5
-20.5
-22.5
-25.5
-26.5
-28.5
-27.5
-26.5
-24.5
-23.5
-20.5
-18.5
-16.5
-14.5
-12.5
-11.5
-9.5
-7.5
-8.5
-10.5
-13.5
-15.5
-15.5
-16.5
-17.5
-18.5
-19.5
-18.5
-18.5
-19.5
-19.5
-18.5
-18.5
-19.5
-18.5
-18.5
-17.5
-17.5
-17.5
-16.5
-17.5
-16.5
-16.5
-16.5
-15.5
-16.5
-16.5
-15.5
-15.5
-15.5
-15.5
-16.5
-15.5
-15.5
-15.5
-15.5
-15.5
-14.5
-13.5
-13.5
-13.5
-13.5
-12.5
-12.5
-11.5
-11.5
-10.5
-9.5
-8.5
-5.16299438477
-4.13687133789
-5.5
-5.5
-4.5
-3.5
-2.5
-1.5
1.92514038086
3.88922119141
3.94784545898
0.5
0.5
-0.5
-0.5
-0.5
-0.5
0.5
1.5
2.5
2.5
4.5
5.5
7.5
8.5
9.5
12.1691589355
13.1946716309
13.5
15.1335754395
16.1278991699
17.1535339355
16.1480102539
17.1748046875
15.5
16.5
17.5
17.5
19.0966491699
19.1521606445
17.5
17.5
18.5
17.5
17.5
17.5
18.5
17.5
16.5
15.5
15.5
14.5
14.5
13.5
13.5
12.5
12.5
10.5
10.5
10.5
9.5
9.5
8.5
8.5
8.5
7.5
7.5
7.5
7.5
6.5
6.5
6.5
6.5
5.5
5.5
5.5
5.5
5.5
5.5
5.5
5.5
7.5
7.5
9.5
9.5
9.5
9.5
9.5
9.5
9.5
9.5
9.5
7.5
7.5
7.5
5.5
5.5
5.5
5.5
6.5
6.5
7.5
7.5
8.5
8.5
8.5
8.5
9.5
9.5
9.5
8.5
8.5
9.5
8.5
8.5
8.5
7.5
7.5
7.5
7.5
7.5
7.5
7.5
6.5
7.5
7.5
7.5
7.5
7.5
7.5
7.5
8.5
7.06198120117
7.06198120117
7.02893066406
7.02893066406
7.32925415039
7.32925415039
10.5
11.5
11.5
11.5
11.5
10.7975158691
11.8251953125
11.7926940918
12.7314147949
13.6008300781
13.5
15.5
17.5
18.5
21.5
22.5
24.5
25.5
27.5
28.4097595215
28.197845459
26.1223754883
24.0918273926
22.0231933594
18.5
16.5
15.5
14.5
13.5
10.5
7.5
4.5
2.5
1.5
0.5
-2.5
-2.5
-3.5
-3.5
-3.5
-3.5
-3.5
-6.29791259766
-6.29791259766
-6.08639526367
-1.5
-5.20269775391
-1.5
-1.5
-1.5
-3.9797668457
-4.07397460938
-4.21328735352
-3.32473754883
-4.5
-1.5
0.5
1.5
1.5
1.5
2.5
2.5
1.5
-1.5
-4.5
-3.81787109375
-7.85760498047
-9.85760498047
-15.5
-16.5
-18.5
-19.5
-21.5
-22.5
-22.5
-23.5
-23.5
-23.5
-23.5
-22.5
-22.5
-22.5
-21.5
-21.5
-20.5
-19.5
-18.5
-18.5
-18.5
-17.5
-19.5
-21.5
-23.5
-24.5
-26.5
-26.5
-27.5
-28.5
-28.5
-27.5
-24.5
-21.5
-18.5
-16.5
-12.5
-10.5
-7.5
-6.5
-7.5
-8.5
-10.5
-12.5
-14.5
-14.5
-16.5
-17.5
-17.5
-18.5
-17.5
-17.5
-18.5
-18.5
-18.5
-18.5
-18.5
-18.5
-17.5
-17.5
-18.5
-17.5
-17.5
-16.5
-16.5
-17.5
-16.5
-16.5
-16.5
-16.5
-15.5
-15.5
-16.5
-16.5
-15.5
-15.5
-15.5
-15.5
-14.5
-13.5
-13.5
-13.5
-13.5
-12.5
-12.5
-11.5
-11.5
-10.5
-10.5
-8.5
-7.5
-6.5
-5.5
-5.5
-4.5
-3.5
-2.5
-1.5
0.5
2.5
4.91818237305
3.5
2.5
1.5
1.5
1.5
2.95098876953
1.5
2.5
1.5
2.5
3.5
4.5
5.5
6.5
8.5
9.5
12.1691589355
13.1641235352
12.5
14.1278991699
15.1535339355
17.1220397949
18.1480102539
15.5
16.5
16.5
17.5
19.0966491699
20.1239318848
19.1521606445
17.5
16.5
16.5
15.5
15.5
16.5
16.5
15.5
15.5
15.5
14.5
13.5
13.5
13.5
11.5
11.5
10.5
10.5
10.5
9.5
9.5
9.5
9.5
8.5
8.5
8.5
7.5
7.5
7.5
7.5
6.5
6.5
6.5
6.5
6.5
6.5
5.5
5.5
5.5
5.5
7.5
8.5
9.5
9.5
9.5
9.5
9.5
9.5
9.5
9.5
9.5
9.5
7.5
7.5
6.5
5.5
5.5
5.5
6.5
6.5
8.5
8.5
7.5
8.5
8.5
8.5
8.5
9.5
8.5
8.5
8.5
8.5
8.5
8.5
8.5
7.5
7.5
7.5
8.5
7.5
7.5
7.5
7.5
7.5
7.5
7.5
7.5
8.5
7.5
7.5
7.5
8.5
7.06198120117
7.06198120117
7.02893066406
8.05285644531
7.32925415039
10.5
11.5
11.5
11.5
11.5
13.5
11.8251953125
10.764465332
12.5
11.5012207031
11.5
13.5
15.5
17.5
19.5
21.5
22.5
23.5
24.5
25.5
27.3814697266
26.197845459
25.0862121582
20.5
18.5
17.5
16.5
15.5
14.5
12.5
8.5
4.5
3.5
1.5
0.5
-0.5
-0.5
-1.5
-2.5
-2.5
-2.5
-2.5
-3.5
-5.32723999023
-5.32723999023
-5.12432861328
-0.5
-1.5
-1.5
-3.87017822266
-3.92373657227
-3.9797668457
-3.99670410156
-4.16513061523
-5.5
-2.5
-0.5
1.5
2.5
2.5
3.5
2.5
2.5
1.5
-0.5
-4.5
-7.11822509766
-7.85760498047
-13.5
-16.5
-18.5
-19.5
-19.5
-21.5
-22.5
-22.5
-22.5
-23.5
-23.5
-23.5
-22.5
-22.5
-21.5
-21.5
-21.5
-19.5
-19.5
-18.5
-18.5
-17.5
-16.5
-18.5
-20.5
-23.5
-24.5
-25.5
-25.5
-24.5
-24.5
-23.5
-21.5
-20.5
-17.5
-16.5
-14.5
-12.5
-10.5
-8.5
-8.5
-10.5
-12.5
-13.5
-15.5
-16.5
-16.5
-18.5
-19.5
-19.5
-18.5
-19.5
-19.5
-19.5
-19.5
-19.5
-19.5
-18.5
-18.5
-17.5
-18.5
-17.5
-17.5
-17.5
-16.5
-16.5
-17.5
-16.5
-16.5
-16.5
-15.5
-15.5
-15.5
-16.5
-16.5
-15.5
-14.5
-14.5
-14.5
-14.5
-13.5
-13.5
-13.5
-13.5
-12.5
-12.5
-11.5
-11.5
-10.5
-10.5
-8.5
-7.5
-6.5
-5.5
-4.5
-4.5
-3.5
-2.5
-1.5
2.89645385742
3.88922119141
4.91818237305
2.5
3.5
2.5
2.5
2.5
2.5
2.5
2.5
2.5
3.5
3.5
5.5
6.5
7.5
9.5
9.5
12.1691589355
11.5
12.5
15.1535339355
16.1799926758
16.1480102539
16.1480102539
15.5
15.5
15.5
17.1302490234
18.1239318848
18.1239318848
17.5
16.5
16.5
16.5
15.5
15.5
16.5
16.5
15.5
15.5
14.5
14.5
14.5
13.5
13.5
12.5
12.5
12.5
11.5
10.5
9.5
9.5
9.5
8.5
8.5
7.5
7.5
7.5
7.5
7.5
6.5
6.5
6.5
6.5
5.5
5.5
5.5
5.5
5.5
5.5
5.5
7.5
8.5
9.5
9.5
9.5
9.5
9.5
9.5
9.5
9.5
9.5
7.5
7.5
7.5
6.5
5.5
5.5
5.5
6.5
8.5
8.5
8.5
7.5
8.5
8.5
8.5
8.5
9.5
8.5
8.5
8.5
7.5
7.5
8.5
8.5
7.5
7.5
7.5
8.5
7.5
7.5
7.5
8.5
8.5
7.5
7.5
7.5
8.5
7.5
7.5
7.5
7.06198120117
7.06198120117
7.06198120117
8.05285644531
8.05285644531
7.32925415039
10.5
11.5
11.5
11.5
11.5
11.5
10.7975158691
10.764465332
12.5
12.5848388672
11.5
14.5
15.5
18.5
19.5
22.5
23.5
25.5
26.5
28.3619689941
29.5
24.5
24.0918273926
21.5
19.5
17.5
17.5
14.5
11.5
7.5
5.5
2.5
1.5
0.5
-0.5
-1.5
-1.5
-1.5
-2.5
-2.5
-2.5
-2.5
-2.5
-5.32723999023
-6.08639526367
-5.12432861328
-0.5
-0.5
0.5
-2.89663696289
-2.95141601562
-3.04385375977
-3.06298828125
-3.32473754883
-4.5
-1.5
0.5
1.5
1.5
1.5
2.5
2.5
1.5
0.5
-2.5
-3.5
-9.5
-10.8921508789
-15.5
-18.5
-18.5
-19.5
-21.5
-22.5
-22.5
-23.5
-23.5
-23.5
-23.5
-22.5
-22.5
-21.5
-21.5
-21.5
-20.5
-19.5
-18.5
-18.5
-17.5
-17.5
-17.5
-20.5
-22.5
-23.5
-24.5
-24.5
-24.5
-24.5
-22.5
-21.5
-20.5
-19.5
-17.5
-15.5
-13.5
-11.5
-9.5
-8.5
-10.5
-12.5
-14.5
-17.5
-18.5
-18.5
-19.5
-19.5
-19.5
-20.5
-19.5
-19.5
-19.5
-18.5
-19.5
-19.5
-18.5
-17.5
-17.5
-17.5
-16.5
-16.5
-16.5
-16.5
-16.5
-15.5
-15.5
-15.5
-15.5
-15.5
-15.5
-15.5
-15.5
-14.5
-15.5
-15.5
-15.5
-15.5
-15.5
-14.5
-13.5
-13.5
-13.5
-12.5
-12.5
-12.5
-11.5
-10.5
-10.5
-9.5
-7.5
-4.13687133789
-6.5
-5.5
-4.5
-3.5
-2.5
-1.5
-0.5
2.91818237305
4.91818237305
3.5
3.5
4.5
4.5
3.5
3.5
2.5
2.5
3.5
3.5
4.5
5.5
5.5
7.5
8.5
9.5
12.1691589355
11.5
12.5
13.5
15.1535339355
16.1480102539
17.1748046875
15.5
15.5
15.5
17.1302490234
16.5
18.1239318848
16.5
16.5
16.5
16.5
15.5
15.5
15.5
14.5
15.5
15.5
14.5
13.5
12.5
12.5
13.5
12.5
12.5
12.5
10.5
10.5
9.5
9.5
9.5
9.5
8.5
8.5
8.5
7.5
7.5
7.5
7.5
7.5
6.5
6.5
6.5
6.5
6.5
5.5
5.5
5.5
5.5
7.5
8.5
9.5
9.5
9.5
9.5
9.5
9.5
9.5
9.5
9.5
8.5
7.5
7.5
6.5
5.5
5.5
5.5
6.5
6.5
8.5
8.5
7.5
7.5
8.5
8.5
8.5
8.5
8.5
8.5
8.5
8.5
7.5
8.5
8.5
8.5
7.5
7.5
8.5
7.5
7.5
7.5
7.5
7.5
7.5
7.5
7.5
7.5
7.5
7.5
7.5
8.5
7.06198120117
7.06198120117
7.02893066406
8.05285644531
7.32925415039
10.5
11.5
11.5
11.5
11.5
11.5
10.7975158691
10.7975158691
12.5
13.5
12.4834899902
13.5
14.5
17.5
18.5
21.5
22.5
24.5
25.5
26.5
28.4097595215
27.8571472168
26.838470459
24.0918273926
19.5
18.5
16.5
13.5
10.5
7.5
5.5
3.5
1.5
0.5
-0.5
-1.5
-2.5
-2.5
-2.5
-2.5
-2.5
-2.5
-2.5
-4.29791259766
-4.29791259766
-5.12432861328
-4.16311645508
-0.5
1.5
0.5
-1.92373657227
-2.95141601562
-2.93203735352
-3.06298828125
-5.5
-3.5
0.5
1.5
2.5
3.5
3.5
2.5
2.5
1.5
0.5
-2.5
-2.5
-5.85760498047
-8.89215087891
-15.5
-18.5
-20.5
-21.5
-21.5
-22.5
-22.5
-23.5
-23.5
-23.5
-23.5
-23.5
-22.5
-22.5
-21.5
-21.5
-20.5
-19.5
-19.5
-18.5
-18.5
-16.5
-17.5
-19.5
-22.5
-23.5
-25.5
-25.5
-25.5
-24.5
-23.5
-21.5
-20.5
-18.5
-16.5
-15.5
-13.5
-11.5
-9.5
-7.5
-8.5
-10.5
-12.5
-15.5
-17.5
-18.5
-18.5
-19.5
-19.5
-19.5
-19.5
